30
134
0
26
129
0
35
138
0
39
127
1
41
132
9
35
68
0
39
78
1
43
82
1
48
79
1
31
62
0
40
67
0
48
86
0
40
85
0
170
31
7
681
31
7
320
307
0
323
310
0
325
307
0
319
311
0
323
306
0
564
181
8
568
185
8
569
180
8
564
187
8
303
92
3
300
90
3
306
90
3
303
88
6
303
98
5
302
102
5
315
96
2
314
104
4
313
99
2
320
99
5
320
88
3
313
88
2
311
89
2
315
89
2
330
343
1
330
350
1
330
358
1
333
357
1
331
366
1
344
358
0
348
357
0
348
364
10
343
363
10
625
104
11
631
100
11
629
97
11
635
99
12
630
104
12
622
102
12
611
79
13
615
81
13
621
86
13
614
86
13
647
82
14
641
79
14
637
82
14
635
77
14
651
81
14
655
83
14
660
94
15
664
99
15
661
102
16
665
106
16
644
108
17
648
106
17
304
335
1
298
334
1
294
337
1
305
324
0
295
325
0
287
318
0
304
341
0
683
720
11
679
718
11
720
797
9
148
256
0
152
257
0
142
255
0
144
254
0
145
259
0
150
254
0
148
259
0
144
257
0
141
256
0
153
255
0
152
243
1
158
246
1
160
242
1
152
247
1
150
240
0
157
243
0
157
250
0
148
243
0
163
228
10
162
231
10
160
233
10
463
451
0
469
457
0
474
452
0
482
449
0
487
454
0
482
459
0
476
465
0
470
471
0
474
476
0
482
476
10
487
472
10
483
488
0
473
490
0
